%YAML:1.0
---
metadata:
   schema: "arm2_task.handeye_charuco_capture.v1"
   reason: final
   camera_source: "14"
   intrinsics_file: "/home/leine/data/robotics/arm_debug/recordings/handeye_charuco_capture/device_intrinsics.yml"
   camera_matrix: !!opencv-matrix
      rows: 3
      cols: 3
      dt: d
      data: [ 9.0801013183593750e+02, 0., 6.4692572021484375e+02, 0.,
          9.0727520751953125e+02, 3.7344546508789062e+02, 0., 0., 1. ]
   dist_coeffs: !!opencv-matrix
      rows: 5
      cols: 1
      dt: d
      data: [ 0., 0., 0., 0., 0. ]
   board_squares_x: 7
   board_squares_y: 5
   square_length_m: 2.9999999999999999e-02
   marker_length_m: 2.1999999999999999e-02
   dictionary_name: DICT_4X4_50
   min_charuco_corners: 8
   sample_count: 20
samples:
   -
      sample_index: 0
      stamp_ns: "1781096689370094127"
      image_path: "images/sample_0000.png"
      overlay_path: "overlays/sample_0000_overlay.png"
      charuco_corner_count: 24
      reprojection_error_px: 1.5194750498592188e-01
      q: [ -3.0458030700683594e+00, 2.0957725048065186e+00,
          -2.0597772598266602e+00, -1.1489876508712769e+00,
          -1.2530527114868164e+00 ]
      dq: [ -7.3261260986328125e-03, -2.4423599243164062e-03,
          7.3261260986328125e-03, -7.3261260986328125e-03,
          -1.2210845947265625e-02 ]
      tau: [ -1.2209892272949219e-02, -3.7606811523437500e-01,
          2.0830278396606445e+00, 1.4407825469970703e-01,
          -1.2211799621582031e-03 ]
      world_T_link4:
         rotation: !!opencv-matrix
            rows: 3
            cols: 3
            dt: d
            data: [ -4.3995306372679549e-01, 8.9291303453582660e-01,
                9.5643162188564557e-02, -4.2272291739352812e-02,
                8.5794334454736054e-02, -9.9541568479031506e-01,
                -8.9702528117579239e-01, -4.4197923586011456e-01,
                6.7723604502134549e-15 ]
         translation: !!opencv-matrix
            rows: 3
            cols: 1
            dt: d
            data: [ -6.7576009057537634e-02, -6.4929489188281612e-03,
                3.9544514108932777e-01 ]
         quaternion_xyzw: [ 3.4433000225744986e-01,
             6.1760573956641729e-01, -5.8184162992863997e-01,
             4.0182125090889209e-01 ]
      link4_T_world:
         rotation: !!opencv-matrix
            rows: 3
            cols: 3
            dt: d
            data: [ -4.3995306372679549e-01, -4.2272291739352812e-02,
                -8.9702528117579239e-01, 8.9291303453582660e-01,
                8.5794334454736054e-02, -4.4197923586011456e-01,
                9.5643162188564557e-02, -9.9541568479031506e-01,
                6.7723604502134549e-15 ]
         translation: !!opencv-matrix
            rows: 3
            cols: 1
            dt: d
            data: [ 3.2471954482501636e-01, 2.3567509882378218e-01,
                -5.6898930012039273e-16 ]
         quaternion_xyzw: [ 3.4433000225744986e-01,
             6.1760573956641729e-01, -5.8184162992863997e-01,
             -4.0182125090889209e-01 ]
      camera_T_board:
         rotation: !!opencv-matrix
            rows: 3
            cols: 3
            dt: d
            data: [ 9.9049265902339090e-01, 1.3489144338485265e-01,
                2.6992423424424088e-02, 1.2980651401187698e-01,
                -8.5149197240543317e-01, -5.0804693665958589e-01,
                -4.5547352731598871e-02, 5.0672055359009871e-01,
                -8.6090633592074772e-01 ]
         translation: !!opencv-matrix
            rows: 3
            cols: 1
            dt: d
            data: [ -7.8663950607709032e-02, 2.0445050038082740e-01,
                8.6440407256456053e-01 ]
         quaternion_xyzw: [ 9.6214486530739896e-01,
             6.8778093336329449e-02, -4.8212410563680053e-03,
             2.6367325930837687e-01 ]
      board_T_camera:
         rotation: !!opencv-matrix
            rows: 3
            cols: 3
            dt: d
            data: [ 9.9049265902339090e-01, 1.2980651401187698e-01,
                -4.5547352731598871e-02, 1.3489144338485265e-01,
                -8.5149197240543317e-01, 5.0672055359009871e-01,
                2.6992423424424088e-02, -5.0804693665958589e-01,
                -8.6090633592074772e-01 ]
         translation: !!opencv-matrix
            rows: 3
            cols: 1
            dt: d
            data: [ 9.0748376060023894e-02, -2.5331225650707284e-01,
                8.5016472394656806e-01 ]
         quaternion_xyzw: [ 9.6214486530739896e-01,
             6.8778093336329449e-02, -4.8212410563680053e-03,
             -2.6367325930837687e-01 ]
   -
      sample_index: 1
      stamp_ns: "1781096693743492958"
      image_path: "images/sample_0001.png"
      overlay_path: "overlays/sample_0001_overlay.png"
      charuco_corner_count: 24
      reprojection_error_px: 2.7616680791795140e-01
      q: [ -3.1583385467529297e+00, 1.7947881221771240e+00,
          -1.9720382690429688e+00, -9.2620652914047241e-01,
          -1.2530527114868164e+00 ]
      dq: [ -7.3261260986328125e-03, -2.4423599243164062e-03,
          -7.3261260986328125e-03, -7.3261260986328125e-03,
          -1.2210845947265625e-02 ]
      tau: [ -1.2209892272949219e-02, 9.7777748107910156e-01,
          2.0683765411376953e+00, 1.4896202087402344e-01,
          -1.2211799621582031e-03 ]
      world_T_link4:
         rotation: !!opencv-matrix
            rows: 3
            cols: 3
            dt: d
            data: [ -4.5044963650739556e-01, 8.9264479287354814e-01,
                -1.6745110513102054e-02, 7.5438866661536354e-03,
                -1.4949531767390929e-02, -9.9985979080764309e-01,
                -8.9276996742964188e-01, -4.5051280254358639e-01,
                6.7723604502134541e-15 ]
         translation: !!opencv-matrix
            rows: 3
            cols: 1
            dt: d
            data: [ -1.6173754176383909e-01, 2.7086927945840326e-03,
                3.8215997955495606e-01 ]
         quaternion_xyzw: [ -3.7566604027380113e-01,
             -5.9906178828648327e-01, 6.0526836367738435e-01,
             -3.6558201259266726e-01 ]
      link4_T_world:
         rotation: !!opencv-matrix
            rows: 3
            cols: 3
            dt: d
            data: [ -4.5044963650739556e-01, 7.5438866661536354e-03,
                -8.9276996742964188e-01, 8.9264479287354814e-01,
                -1.4949531767390929e-02, -4.5051280254358639e-01,
                -1.6745110513102054e-02, -9.9985979080764309e-01,
                6.7723604502134541e-15 ]
         translation: !!opencv-matrix
            rows: 3
            cols: 1
            dt: d
            data: [ 2.6830590153161393e-01, 3.1658263156594268e-01,
                -5.7202506620335214e-16 ]
         quaternion_xyzw: [ -3.7566604027380113e-01,
             -5.9906178828648327e-01, 6.0526836367738435e-01,
             3.6558201259266726e-01 ]
      camera_T_board:
         rotation: !!opencv-matrix
            rows: 3
            cols: 3
            dt: d
            data: [ 9.9942984257304657e-01, 2.8192450324026189e-02,
                1.8578899836728616e-02, 3.3487964756452847e-02,
                -8.9788492214206228e-01, -4.3895469334136666e-01,
                4.3065056468616228e-03, 4.3932658960580789e-01,
                -8.9831709416800232e-01 ]
         translation: !!opencv-matrix
            rows: 3
            cols: 1
            dt: d
            data: [ -1.2448781540310699e-01, 2.5936858620146747e-01,
                7.8499320630366709e-01 ]
         quaternion_xyzw: [ 9.7411907112055751e-01,
             1.5829793530663109e-02, 5.8733593669571850e-03,
             2.2540398524814373e-01 ]
      board_T_camera:
         rotation: !!opencv-matrix
            rows: 3
            cols: 3
            dt: d
            data: [ 9.9942984257304657e-01, 3.3487964756452847e-02,
                4.3065056468616228e-03, 2.8192450324026189e-02,
                -8.9788492214206228e-01, 4.3932658960580789e-01,
                1.8578899836728616e-02, -4.3895469334136666e-01,
                -8.9831709416800232e-01 ]
         translation: !!opencv-matrix
            rows: 3
            cols: 1
            dt: d
            data: [ 1.1235053400124920e-01, -1.0847562880981845e-01,
                8.2133672090004983e-01 ]
         quaternion_xyzw: [ 9.7411907112055751e-01,
             1.5829793530663109e-02, 5.8733593669571850e-03,
             -2.2540398524814373e-01 ]
   -
      sample_index: 2
      stamp_ns: "1781096699491558520"
      image_path: "images/sample_0002.png"
      overlay_path: "overlays/sample_0002_overlay.png"
      charuco_corner_count: 24
      reprojection_error_px: 2.0360568816629532e-01
      q: [ -2.8733758926391602e+00, 1.7947881221771240e+00,
          -1.9819564819335938e+00, -1.0150898694992065e+00,
          -1.2844982147216797e+00 ]
      dq: [ 7.3261260986328125e-03, 2.4423599243164062e-03,
          -7.3261260986328125e-03, -2.1978378295898438e-02,
          -1.2210845947265625e-02 ]
      tau: [ -1.7093658447265625e-02, 9.5042800903320312e-01,
          2.0390720367431641e+00, 1.1477375030517578e-01,
          -3.6630630493164062e-03 ]
      world_T_link4:
         rotation: !!opencv-matrix
            rows: 3
            cols: 3
            dt: d
            data: [ -3.4737126495505577e-01, 8.9950077428441078e-01,
                2.6501237960757612e-01, -9.5471259493968383e-02,
                2.4721812222388842e-01, -9.6424500966026772e-01,
                -9.3285499564195928e-01, -3.6025207439491613e-01,
                6.7723604502134541e-15 ]
         translation: !!opencv-matrix
            rows: 3
            cols: 1
            dt: d
            data: [ -1.5554814916690130e-01, -4.2750737355432653e-02,
                3.7978670599632058e-01 ]
         quaternion_xyzw: [ 3.1835931461991535e-01,
             6.3138526019755514e-01, -5.2444092678088483e-01,
             4.7430129065522242e-01 ]
      link4_T_world:
         rotation: !!opencv-matrix
            rows: 3
            cols: 3
            dt: d
            data: [ -3.4737126495505577e-01, -9.5471259493968383e-02,
                -9.3285499564195928e-01, 8.9950077428441078e-01,
                2.4721812222388842e-01, -3.6025207439491613e-01,
                2.6501237960757612e-01, -9.6424500966026772e-01,
                6.7723604502134541e-15 ]
         translation: !!opencv-matrix
            rows: 3
            cols: 1
            dt: d
            data: [ 2.9617150188992847e-01, 2.8730338628961805e-01,
                -5.8286708792820718e-16 ]
         quaternion_xyzw: [ 3.1835931461991535e-01,
             6.3138526019755514e-01, -5.2444092678088483e-01,
             -4.7430129065522242e-01 ]
      camera_T_board:
         rotation: !!opencv-matrix
            rows: 3
            cols: 3
            dt: d
            data: [ 9.4982810233244330e-01, 3.1074065095121922e-01,
                3.5592469231027990e-02, 2.9968400090234742e-01,
                -8.7159453963050215e-01, -3.8795935107876306e-01,
                -8.9532539463096805e-02, 3.7916118779841596e-01,
                -9.2098898910062077e-01 ]
         translation: !!opencv-matrix
            rows: 3
            cols: 1
            dt: d
            data: [ 2.9054652470198215e-04, 1.4522374594125034e-01,
                7.9930378120393153e-01 ]
         quaternion_xyzw: [ 9.6726568623408304e-01,
             1.5777067783469392e-01, -1.3941379033633745e-02,
             1.9827037953342946e-01 ]
      board_T_camera:
         rotation: !!opencv-matrix
            rows: 3
            cols: 3
            dt: d
            data: [ 9.4982810233244330e-01, 2.9968400090234742e-01,
                -8.9532539463096805e-02, 3.1074065095121922e-01,
                -8.7159453963050215e-01, 3.7916118779841596e-01,
                3.5592469231027990e-02, -3.8795935107876306e-01,
                -9.2098898910062077e-01 ]
         translation: !!opencv-matrix
            rows: 3
            cols: 1
            dt: d
            data: [ 2.7766494869746583e-02, -1.7657903172218428e-01,
                7.9248055040366661e-01 ]
         quaternion_xyzw: [ 9.6726568623408304e-01,
             1.5777067783469392e-01, -1.3941379033633745e-02,
             -1.9827037953342946e-01 ]
   -
      sample_index: 3
      stamp_ns: "1781096704743012848"
      image_path: "images/sample_0003.png"
      overlay_path: "overlays/sample_0003_overlay.png"
      charuco_corner_count: 24
      reprojection_error_px: 2.1999208258603550e-01
      q: [ -3.5039548873901367e+00, 1.7951695919036865e+00,
          -2.0250625610351562e+00, -1.0417927503585815e+00,
          -1.2852659225463867e+00 ]
      dq: [ -2.1978378295898438e-02, -7.3261260986328125e-03,
          -7.3261260986328125e-03, -7.3261260986328125e-03,
          -1.2210845947265625e-02 ]
      tau: [ -1.2209892272949219e-02, 9.0940093994140625e-01,
          1.9902315139770508e+00, 9.5237731933593750e-02,
          -3.6630630493164062e-03 ]
      world_T_link4:
         rotation: !!opencv-matrix
            rows: 3
            cols: 3
            dt: d
            data: [ -2.7553513024870413e-01, 8.9354431698958592e-01,
                -3.5448405545869632e-01, 1.0445596571708661e-01,
                -3.3874458933030188e-01, -9.3506205913059903e-01,
                -9.5559894475922280e-01, -2.9467042059741844e-01,
                6.7723604502134549e-15 ]
         translation: !!opencv-matrix
            rows: 3
            cols: 1
            dt: d
            data: [ -1.4867862435896831e-01, 5.6364389088562075e-02,
                3.6958832677802106e-01 ]
         quaternion_xyzw: [ -5.1556024358982300e-01,
             -4.8393970205966658e-01, 6.3527154028395860e-01,
             -3.1053191479339154e-01 ]
      link4_T_world:
         rotation: !!opencv-matrix
            rows: 3
            cols: 3
            dt: d
            data: [ -2.7553513024870413e-01, 1.0445596571708661e-01,
                -9.5559894475922280e-01, 8.9354431698958592e-01,
                -3.3874458933030188e-01, -2.9467042059741844e-01,
                -3.5448405545869632e-01, -9.3506205913059903e-01,
                6.7723604502134549e-15 ]
         translation: !!opencv-matrix
            rows: 3
            cols: 1
            dt: d
            data: [ 3.0632443424215788e-01, 2.6085081938801946e-01,
                -5.8286708792820718e-16 ]
         quaternion_xyzw: [ -5.1556024358982300e-01,
             -4.8393970205966658e-01, 6.3527154028395860e-01,
             3.1053191479339154e-01 ]
      camera_T_board:
         rotation: !!opencv-matrix
            rows: 3
            cols: 3
            dt: d
            data: [ 9.4868599631179307e-01, -3.1608915592648340e-01,
                9.0843771159203682e-03, -2.9329726483481294e-01,
                -8.9029206816340367e-01, -3.4836295412363660e-01,
                1.1820150101550558e-01, 3.2782263325007421e-01,
                -9.3731570257126751e-01 ]
         translation: !!opencv-matrix
            rows: 3
            cols: 1
            dt: d
            data: [ -2.5424609373586227e-01, 1.8476172658015222e-01,
                7.5923213196148476e-01 ]
         quaternion_xyzw: [ 9.7163441775269366e-01,
             -1.5679416291436918e-01, 3.2750455265321693e-02,
             1.7398148290631510e-01 ]
      board_T_camera:
         rotation: !!opencv-matrix
            rows: 3
            cols: 3
            dt: d
            data: [ 9.4868599631179307e-01, -2.9329726483481294e-01,
                1.1820150101550558e-01, -3.1608915592648340e-01,
                -8.9029206816340367e-01, 3.2782263325007421e-01,
                9.0843771159203682e-03, -3.4836295412363660e-01,
                -9.3731570257126751e-01 ]
         translation: !!opencv-matrix
            rows: 3
            cols: 1
            dt: d
            data: [ 2.0564744017925435e-01, -1.6476601023977100e-01,
                7.7831400746035195e-01 ]
         quaternion_xyzw: [ 9.7163441775269366e-01,
             -1.5679416291436918e-01, 3.2750455265321693e-02,
             -1.7398148290631510e-01 ]
   -
      sample_index: 4
      stamp_ns: "1781096710372990220"
      image_path: "images/sample_0004.png"
      overlay_path: "overlays/sample_0004_overlay.png"
      charuco_corner_count: 24
      reprojection_error_px: 2.3343673911902199e-01
      q: [ -3.4036273956298828e+00, 1.8306472301483154e+00,
          -1.6603727340698242e+00, -1.3523138761520386e+00,
          -1.3067417144775391e+00 ]
      dq: [ -2.1978378295898438e-02, -2.4423599243164062e-03,
          -2.1978378295898438e-02, -7.3261260986328125e-03,
          -1.2210845947265625e-02 ]
      tau: [ -1.2209892272949219e-02, 7.7264976501464844e-01,
          2.0341882705688477e+00, 1.2454223632812500e-01,
          -3.6630630493164062e-03 ]
      world_T_link4:
         rotation: !!opencv-matrix
            rows: 3
            cols: 3
            dt: d
            data: [ -3.6609989086294448e-01, 8.9379295517233015e-01,
                -2.5904637267186981e-01, 9.8188525330360016e-02,
                -2.3971657574707367e-01, -9.6586488537763215e-01,
                -9.2538093961545886e-01, -3.7903841044993131e-01,
                6.7723604502134541e-15 ]
         translation: !!opencv-matrix
            rows: 3
            cols: 1
            dt: d
            data: [ -1.4498305578361098e-01, 3.8884667274083809e-02,
                4.6332831509918365e-01 ]
         quaternion_xyzw: [ -4.6733732059512501e-01,
             -5.3065603622211432e-01, 6.3360406931498336e-01,
             -3.1392018626953117e-01 ]
      link4_T_world:
         rotation: !!opencv-matrix
            rows: 3
            cols: 3
            dt: d
            data: [ -3.6609989086294448e-01, 9.8188525330360016e-02,
                -9.2538093961545886e-01, 8.9379295517233015e-01,
                -2.3971657574707367e-01, -3.7903841044993131e-01,
                -2.5904637267186981e-01, -9.6586488537763215e-01,
                6.7723604502134541e-15 ]
         translation: !!opencv-matrix
            rows: 3
            cols: 1
            dt: d
            data: [ 3.7185888253996979e-01, 3.1452536123839558e-01,
                -5.8980598183211441e-16 ]
         quaternion_xyzw: [ -4.6733732059512501e-01,
             -5.3065603622211432e-01, 6.3360406931498336e-01,
             3.1392018626953117e-01 ]
      camera_T_board:
         rotation: !!opencv-matrix
            rows: 3
            cols: 3
            dt: d
            data: [ 9.7950758815888539e-01, -2.0092780420597117e-01,
                -1.3888924945109161e-02, -1.8820103865361743e-01,
                -8.8854304164217346e-01, -4.1841562136107485e-01,
                7.1730424429690659e-02, 4.1245518622783944e-01,
                -9.0814947314023964e-01 ]
         translation: !!opencv-matrix
            rows: 3
            cols: 1
            dt: d
            data: [ -2.1495359489109866e-01, 2.7987891701056294e-01,
                8.5258647471402460e-01 ]
         quaternion_xyzw: [ 9.7162236786486378e-01,
             -1.0012347793996799e-01, 1.4882710968173767e-02,
             2.1378439686777426e-01 ]
      board_T_camera:
         rotation: !!opencv-matrix
            rows: 3
            cols: 3
            dt: d
            data: [ 9.7950758815888539e-01, -1.8820103865361743e-01,
                7.1730424429690659e-02, -2.0092780420597117e-01,
                -8.8854304164217346e-01, 4.1245518622783944e-01,
                -1.3888924945109161e-02, -4.1841562136107485e-01,
                -9.0814947314023964e-01 ]
         translation: !!opencv-matrix
            rows: 3
            cols: 1
            dt: d
            data: [ 2.0206579048224901e-01, -1.4615940281907541e-01,
                8.8839619443875129e-01 ]
         quaternion_xyzw: [ 9.7162236786486378e-01,
             -1.0012347793996799e-01, 1.4882710968173767e-02,
             -2.1378439686777426e-01 ]
   -
      sample_index: 5
      stamp_ns: "1781096713999028868"
      image_path: "images/sample_0005.png"
      overlay_path: "overlays/sample_0005_overlay.png"
      charuco_corner_count: 24
      reprojection_error_px: 1.1672560719252462e-01
      q: [ -3.3742532730102539e+00, 1.5201261043548584e+00,
          -1.6409168243408203e+00, -1.3519324064254761e+00,
          -1.3009891510009766e+00 ]
      dq: [ 7.3261260986328125e-03, -2.4423599243164062e-03,
          -7.3261260986328125e-03, -7.3261260986328125e-03,
          -3.6628723144531250e-02 ]
      tau: [ -1.2209892272949219e-02, 2.2085475921630859e+00,
          1.9560441970825195e+00, 2.6862144470214844e-02,
          -3.6630630493164062e-03 ]
      world_T_link4:
         rotation: !!opencv-matrix
            rows: 3
            cols: 3
            dt: d
            data: [ -9.5277846577046021e-02, 9.6838053795313705e-01,
                -2.3056726928433216e-01, 2.2576238312831658e-02,
                -2.2945931911534115e-01, -9.7305638805506345e-01,
                -9.9519467714376519e-01, -9.7916058870426773e-02,
                6.7723604502134549e-15 ]
         translation: !!opencv-matrix
            rows: 3
            cols: 1
            dt: d
            data: [ -2.5232379551548118e-01, 5.9788527388170948e-02,
                4.0403897585676407e-01 ]
         quaternion_xyzw: [ -5.3248978218795151e-01,
             -4.6524685046265973e-01, 5.7548613486607869e-01,
             -4.1087188827772686e-01 ]
      link4_T_world:
         rotation: !!opencv-matrix
            rows: 3
            cols: 3
            dt: d
            data: [ -9.5277846577046021e-02, 2.2576238312831658e-02,
                -9.9519467714376519e-01, 9.6838053795313705e-01,
                -2.2945931911534115e-01, -9.7916058870426773e-02,
                -2.3056726928433216e-01, -9.7305638805506345e-01,
                6.7723604502134549e-15 ]
         translation: !!opencv-matrix
            rows: 3
            cols: 1
            dt: d
            data: [ 3.7670677021171928e-01, 2.9762639177099548e-01,
                -5.8286708792820718e-16 ]
         quaternion_xyzw: [ -5.3248978218795151e-01,
             -4.6524685046265973e-01, 5.7548613486607869e-01,
             4.1087188827772686e-01 ]
      camera_T_board:
         rotation: !!opencv-matrix
            rows: 3
            cols: 3
            dt: d
            data: [ 9.8355744249745491e-01, -1.7920406769529795e-01,
                2.2375420204451411e-02, -1.7658422079339159e-01,
                -9.8026931053596933e-01, -8.8826188638971293e-02,
                3.7851952058743692e-02, 8.3414512782815281e-02,
                -9.9579578668648128e-01 ]
         translation: !!opencv-matrix
            rows: 3
            cols: 1
            dt: d
            data: [ -2.0613981281566218e-01, 8.2078119853803755e-02,
                7.8001297583373708e-01 ]
         quaternion_xyzw: [ 9.9494001574465607e-01,
             -8.9399431839718047e-02, 1.5133417922214723e-02,
             4.3279167260368505e-02 ]
      board_T_camera:
         rotation: !!opencv-matrix
            rows: 3
            cols: 3
            dt: d
            data: [ 9.8355744249745491e-01, -1.7658422079339159e-01,
                3.7851952058743692e-02, -1.7920406769529795e-01,
                -9.8026931053596933e-01, 8.3414512782815281e-02,
                2.2375420204451411e-02, -8.8826188638971293e-02,
                -9.9579578668648128e-01 ]
         translation: !!opencv-matrix
            rows: 3
            cols: 1
            dt: d
            data: [ 1.8771903416199071e-01, -2.1546833354782156e-02,
                7.8863678638590295e-01 ]
         quaternion_xyzw: [ 9.9494001574465607e-01,
             -8.9399431839718047e-02, 1.5133417922214723e-02,
             -4.3279167260368505e-02 ]
   -
      sample_index: 6
      stamp_ns: "1781096719121967894"
      image_path: "images/sample_0006.png"
      overlay_path: "overlays/sample_0006_overlay.png"
      charuco_corner_count: 24
      reprojection_error_px: 1.5559807281232163e-01
      q: [ -3.1755046844482422e+00, 1.3560912609100342e+00,
          -1.6409168243408203e+00, -1.3519324064254761e+00,
          -1.3009891510009766e+00 ]
      dq: [ -7.3261260986328125e-03, -2.4423599243164062e-03,
          7.3261260986328125e-03, -7.3261260986328125e-03,
          1.2210845947265625e-02 ]
      tau: [ -1.2209892272949219e-02, 2.8923072814941406e+00,
          1.8534793853759766e+00, -3.1745910644531250e-02,
          -3.6630630493164062e-03 ]
      world_T_link4:
         rotation: !!opencv-matrix
            rows: 3
            cols: 3
            dt: d
            data: [ 6.5875923292565169e-02, 9.9725161202123702e-01,
                -3.3905531280249271e-02, -2.2348431183319469e-03,
                -3.3831797582044104e-02, -9.9942504218605810e-01,
                -9.9782531948562425e-01, 6.5913820958972552e-02,
                6.7723604502134549e-15 ]
         translation: !!opencv-matrix
            rows: 3
            cols: 1
            dt: d
            data: [ -3.0783337158988866e-01, 1.0443258442592000e-02,
                3.5740415271826909e-01 ]
         quaternion_xyzw: [ 5.2433475015361197e-01,
             4.7441866508532932e-01, -4.9192374263941702e-01,
             5.0794786290290850e-01 ]
      link4_T_world:
         rotation: !!opencv-matrix
            rows: 3
            cols: 3
            dt: d
            data: [ 6.5875923292565169e-02, -2.2348431183319469e-03,
                -9.9782531948562425e-01, 9.9725161202123702e-01,
                -3.3831797582044104e-02, 6.5913820958972552e-02,
                -3.3905531280249271e-02, -9.9942504218605810e-01,
                6.7723604502134549e-15 ]
         translation: !!opencv-matrix
            rows: 3
            cols: 1
            dt: d
            data: [ 3.7692905948960631e-01, 2.8378276692541043e-01,
                -5.7072402359636953e-16 ]
         quaternion_xyzw: [ -5.2433475015361197e-01,
             -4.7441866508532932e-01, 4.9192374263941702e-01,
             5.0794786290290850e-01 ]
      camera_T_board:
         rotation: !!opencv-matrix
            rows: 3
            cols: 3
            dt: d
            data: [ 9.9971917478818761e-01, 2.1634470401317090e-02,
                9.6706386179936325e-03, 2.0194038247008047e-02,
                -9.9129909511743219e-01, 1.3007038417194938e-01,
                1.2400499187680764e-02, -1.2983856788263903e-01,
                -9.9145760066181432e-01 ]
         translation: !!opencv-matrix
            rows: 3
            cols: 1
            dt: d
            data: [ -1.2111631313215590e-01, -5.0982657430125880e-02,
                7.1137351424907769e-01 ]
         quaternion_xyzw: [ 9.9780707937048563e-01,
             1.0480109209766945e-02, 5.5299111075657603e-03,
             -6.5120041095159495e-02 ]
      board_T_camera:
         rotation: !!opencv-matrix
            rows: 3
            cols: 3
            dt: d
            data: [ 9.9971917478818761e-01, 2.0194038247008047e-02,
                1.2400499187680764e-02, 2.1634470401317090e-02,
                -9.9129909511743219e-01, -1.2983856788263903e-01,
                9.6706386179936325e-03, 1.3007038417194938e-01,
                -9.9145760066181432e-01 ]
         translation: !!opencv-matrix
            rows: 3
            cols: 1
            dt: d
            data: [ 1.1329045966636139e-01, 4.4444943434148815e-02,
                7.1309928354484176e-01 ]
         quaternion_xyzw: [ 9.9780707937048563e-01,
             1.0480109209766945e-02, 5.5299111075657603e-03,
             6.5120041095159495e-02 ]
   -
      sample_index: 7
      stamp_ns: "1781096724750008808"
      image_path: "images/sample_0007.png"
      overlay_path: "overlays/sample_0007_overlay.png"
      charuco_corner_count: 24
      reprojection_error_px: 1.1496206130190574e-01
      q: [ -2.9298343658447266e+00, 1.2256267070770264e+00,
          -1.5245666503906250e+00, -1.2371090650558472e+00,
          -1.1740541458129883e+00 ]
      dq: [ -7.3261260986328125e-03, -2.4423599243164062e-03,
          -7.3261260986328125e-03, 7.3261260986328125e-03,
          -3.6628723144531250e-02 ]
      tau: [ -1.7093658447265625e-02, 3.5350418090820312e+00,
          1.8779001235961914e+00, 2.4423599243164062e-03,
          -3.6630630493164062e-03 ]
      world_T_link4:
         rotation: !!opencv-matrix
            rows: 3
            cols: 3
            dt: d
            data: [ -3.3964327494791502e-02, 9.7707272656817956e-01,
                2.1017923649697190e-01, -7.3016953345380886e-03,
                2.1005236656532017e-01, -9.7766287059780987e-01,
                -9.9939637266855641e-01, -3.4740326667028587e-02,
                6.7723604502134549e-15 ]
         translation: !!opencv-matrix
            rows: 3
            cols: 1
            dt: d
            data: [ -3.4302966474415003e-01, -7.3744963831602284e-02,
                3.4150869911549453e-01 ]
         quaternion_xyzw: [ 4.3473650236087891e-01,
             5.5767748162806985e-01, -4.5384798141268573e-01,
             5.4223796415193382e-01 ]
      link4_T_world:
         rotation: !!opencv-matrix
            rows: 3
            cols: 3
            dt: d
            data: [ -3.3964327494791502e-02, -7.3016953345380886e-03,
                -9.9939637266855641e-01, 9.7707272656817956e-01,
                2.1005236656532017e-01, -3.4740326667028587e-02,
                2.1017923649697190e-01, -9.7766287059780987e-01,
                6.7723604502134549e-15 ]
         translation: !!opencv-matrix
            rows: 3
            cols: 1
            dt: d
            data: [ 3.2911331999862892e-01, 3.6251935776734145e-01,
                -5.8286708792820718e-16 ]
         quaternion_xyzw: [ -4.3473650236087891e-01,
             -5.5767748162806985e-01, 4.5384798141268573e-01,
             5.4223796415193382e-01 ]
      camera_T_board:
         rotation: !!opencv-matrix
            rows: 3
            cols: 3
            dt: d
            data: [ 9.6564206221407500e-01, 2.5919735266046162e-01,
                -1.8765395193191880e-02, 2.5888708012952100e-01,
                -9.6574986198706203e-01, -1.7455194469891265e-02,
                -2.2647018014727082e-02, 1.1997351615211527e-02,
                -9.9967153411971366e-01 ]
         translation: !!opencv-matrix
            rows: 3
            cols: 1
            dt: d
            data: [ -1.2441947891990872e-02, 4.3361969847027837e-02,
                6.9817179490262560e-01 ]
         quaternion_xyzw: [ 9.9134548194875671e-01,
             1.3065183687818602e-01, -1.0443486645672634e-02,
             7.4274172378346543e-03 ]
      board_T_camera:
         rotation: !!opencv-matrix
            rows: 3
            cols: 3
            dt: d
            data: [ 9.6564206221407500e-01, 2.5888708012952100e-01,
                -2.2647018014727082e-02, 2.5919735266046162e-01,
                -9.6574986198706203e-01, 1.1997351615211527e-02,
                -1.8765395193191880e-02, -1.7455194469891265e-02,
                -9.9967153411971366e-01 ]
         translation: !!opencv-matrix
            rows: 3
            cols: 1
            dt: d
            data: [ 1.6600123674554865e-02, 3.6725523839527575e-02,
                6.9846588283653299e-01 ]
         quaternion_xyzw: [ 9.9134548194875671e-01,
             1.3065183687818602e-01, -1.0443486645672634e-02,
             -7.4274172378346543e-03 ]
   -
      sample_index: 8
      stamp_ns: "1781096730498220503"
      image_path: "images/sample_0008.png"
      overlay_path: "overlays/sample_0008_overlay.png"
      charuco_corner_count: 11
      reprojection_error_px: 3.6036618066031989e-01
      q: [ -3.0171918869018555e+00, 9.1930174827575684e-01,
          -1.3330659866333008e+00, -1.2680081129074097e+00,
          -1.1541118621826172e+00 ]
      dq: [ -7.3261260986328125e-03, 2.4423599243164062e-03,
          -7.3261260986328125e-03, 7.3261260986328125e-03,
          -1.2210845947265625e-02 ]
      tau: [ -1.7093658447265625e-02, 4.7247848510742188e+00,
          1.7509155273437500e+00, -4.6398162841796875e-02,
          -3.6630630493164062e-03 ]
      world_T_link4:
         rotation: !!opencv-matrix
            rows: 3
            cols: 3
            dt: d
            data: [ 1.0989253240066083e-01, 9.8616821431171076e-01,
                1.2408015314231979e-01, 1.3741675189823756e-02,
                1.2331687137938149e-01, -9.9227219833883207e-01,
                -9.9384847823274725e-01, 1.1074837386821040e-01,
                6.7723604502134549e-15 ]
         translation: !!opencv-matrix
            rows: 3
            cols: 1
            dt: d
            data: [ -4.3149442984196640e-01, -5.3956862869361202e-02,
                2.6430931192083085e-01 ]
         quaternion_xyzw: [ 4.9663257570896230e-01,
             5.0334489641266700e-01, -4.3783290083659904e-01,
             5.5524980949570102e-01 ]
      link4_T_world:
         rotation: !!opencv-matrix
            rows: 3
            cols: 3
            dt: d
            data: [ 1.0989253240066083e-01, 1.3741675189823756e-02,
                -9.9384847823274725e-01, 9.8616821431171076e-01,
                1.2331687137938149e-01, 1.1074837386821040e-01,
                1.2408015314231979e-01, -9.9227219833883207e-01,
                6.7723604502134549e-15 ]
         translation: !!opencv-matrix
            rows: 3
            cols: 1
            dt: d
            data: [ 3.1084288073118782e-01, 4.0290805638774008e-01,
                -5.7592819402429996e-16 ]
         quaternion_xyzw: [ -4.9663257570896230e-01,
             -5.0334489641266700e-01, 4.3783290083659904e-01,
             5.5524980949570102e-01 ]
      camera_T_board:
         rotation: !!opencv-matrix
            rows: 3
            cols: 3
            dt: d
            data: [ 9.8299794220856007e-01, 1.8188605703932048e-01,
                2.5149709112118605e-02, 1.7550957610041640e-01,
                -9.7099121464309990e-01, 1.6239596603047018e-01,
                5.3957708539070344e-02, -1.5522088564560682e-01,
                -9.8640511066630532e-01 ]
         translation: !!opencv-matrix
            rows: 3
            cols: 1
            dt: d
            data: [ -4.4861240197040998e-02, -1.5851013332028371e-03,
                5.7651933002509981e-01 ]
         quaternion_xyzw: [ 9.9252131809825195e-01,
             9.0022155348898389e-02, 1.9925873683691985e-02,
             -8.0002526365039600e-02 ]
      board_T_camera:
         rotation: !!opencv-matrix
            rows: 3
            cols: 3
            dt: d
            data: [ 9.8299794220856007e-01, 1.7550957610041640e-01,
                5.3957708539070344e-02, 1.8188605703932048e-01,
                -9.7099121464309990e-01, -1.5522088564560682e-01,
                2.5149709112118605e-02, 1.6239596603047018e-01,
                -9.8640511066630532e-01 ]
         translation: !!opencv-matrix
            rows: 3
            cols: 1
            dt: d
            data: [ 1.3269045285047430e-02, 9.6108355622782513e-02,
                5.7006727473829888e-01 ]
         quaternion_xyzw: [ 9.9252131809825195e-01,
             9.0022155348898389e-02, 1.9925873683691985e-02,
             8.0002526365039600e-02 ]
   -
      sample_index: 9
      stamp_ns: "1781096735998230147"
      image_path: "images/sample_0009.png"
      overlay_path: "overlays/sample_0009_overlay.png"
      charuco_corner_count: 24
      reprojection_error_px: 2.5605922828991856e-01
      q: [ -3.2411184310913086e+00, 6.4311385154724121e-01,
          -1.1800947189331055e+00, -1.2756375074386597e+00,
          -1.1533451080322266e+00 ]
      dq: [ 7.3261260986328125e-03, -1.8315029144287109e-01,
          6.5933227539062500e-02, 7.3261260986328125e-03,
          -1.2210845947265625e-02 ]
      tau: [ -1.2209892272949219e-02, 6.0102577209472656e+00,
          1.4920635223388672e+00, -9.0353965759277344e-02,
          -3.6630630493164062e-03 ]
      world_T_link4:
         rotation: !!opencv-matrix
            rows: 3
            cols: 3
            dt: d
            data: [ 2.3828700310559403e-01, 9.6609864202351414e-01,
                -9.9361552077635515e-02, -2.3794315095978083e-02,
                -9.6470454546404946e-02, -9.9505139664678799e-01,
                -9.7090325713742875e-01, 2.3947205532155960e-01,
                6.7723604502134549e-15 ]
         translation: !!opencv-matrix
            rows: 3
            cols: 1
            dt: d
            data: [ -4.8649147359865641e-01, 4.8578945823496776e-02,
                1.6927309940889387e-01 ]
         quaternion_xyzw: [ 5.7765851886127173e-01,
             4.0781201010637069e-01, -4.6319095723060538e-01,
             5.3427908169775740e-01 ]
      link4_T_world:
         rotation: !!opencv-matrix
            rows: 3
            cols: 3
            dt: d
            data: [ 2.3828700310559403e-01, -2.3794315095978083e-02,
                -9.7090325713742875e-01, 9.6609864202351414e-01,
                -9.6470454546404946e-02, 2.3947205532155960e-01,
                -9.9361552077635515e-02, -9.9505139664678799e-01,
                6.7723604502134549e-15 ]
         translation: !!opencv-matrix
            rows: 3
            cols: 1
            dt: d
            data: [ 2.8142830158604559e-01, 4.3414900795855960e-01,
                -5.6898930012039273e-16 ]
         quaternion_xyzw: [ -5.7765851886127173e-01,
             -4.0781201010637069e-01, 4.6319095723060538e-01,
             5.3427908169775740e-01 ]
      camera_T_board:
         rotation: !!opencv-matrix
            rows: 3
            cols: 3
            dt: d
            data: [ 9.9872472728744743e-01, -5.0209848738390343e-02,
                -5.2811167646064899e-03, -4.6780090814251253e-02,
                -9.5966304600832442e-01, 2.7723358604150944e-01,
                -1.8987949020993607e-02, -2.7663298649237872e-01,
                -9.6078803519625677e-01 ]
         translation: !!opencv-matrix
            rows: 3
            cols: 1
            dt: d
            data: [ -1.4422209770529731e-01, 3.6384034477641901e-02,
                5.0068769795049273e-01 ]
         quaternion_xyzw: [ 9.8984541829671935e-01,
             -2.4496233896686981e-02, -6.1295090468169253e-03,
             -1.3988713851071727e-01 ]
      board_T_camera:
         rotation: !!opencv-matrix
            rows: 3
            cols: 3
            dt: d
            data: [ 9.9872472728744743e-01, -4.6780090814251253e-02,
                -1.8987949020993607e-02, -5.0209848738390343e-02,
                -9.5966304600832442e-01, -2.7663298649237872e-01,
                -5.2811167646064899e-03, 2.7723358604150944e-01,
                -9.6078803519625677e-01 ]
         translation: !!opencv-matrix
            rows: 3
            cols: 1
            dt: d
            data: [ 1.5524725612072218e-01, 1.6618177682640825e-01,
                4.7020621946987806e-01 ]
         quaternion_xyzw: [ 9.8984541829671935e-01,
             -2.4496233896686981e-02, -6.1295090468169253e-03,
             1.3988713851071727e-01 ]
   -
      sample_index: 10
      stamp_ns: "1781096744253848098"
      image_path: "images/sample_0010.png"
      overlay_path: "overlays/sample_0010_overlay.png"
      charuco_corner_count: 24
      reprojection_error_px: 1.7336317486298222e-01
      q: [ -3.4562702178955078e+00, 5.4545569419860840e-01,
          -8.7911033630371094e-01, -1.3858841657638550e+00,
          -1.1878595352172852e+00 ]
      dq: [ -2.1978378295898438e-02, 2.4423599243164062e-03,
          -7.3261260986328125e-03, -2.1978378295898438e-02,
          1.2210845947265625e-02 ]
      tau: [ -1.2209892272949219e-02, 5.9692306518554688e+00,
          1.7899875640869141e+00, -5.6165695190429688e-02,
          -1.2211799621582031e-03 ]
      world_T_link4:
         rotation: !!opencv-matrix
            rows: 3
            cols: 3
            dt: d
            data: [ 1.4091770126091907e-01, 9.4039663595044443e-01,
