%YAML:1.0
---
metadata:
   schema: "arm2_task.handeye_charuco_capture.v1"
   reason: final
   camera_source: "14"
   intrinsics_file: "/home/leine/data/robotics/arm_debug/recordings/handeye_charuco_capture/device_intrinsics.yml"
   camera_matrix: !!opencv-matrix
      rows: 3
      cols: 3
      dt: d
      data: [ 9.0801013183593750e+02, 0., 6.4692572021484375e+02, 0.,
          9.0727520751953125e+02, 3.7344546508789062e+02, 0., 0., 1. ]
   dist_coeffs: !!opencv-matrix
      rows: 5
      cols: 1
      dt: d
      data: [ 0., 0., 0., 0., 0. ]
   board_squares_x: 7
   board_squares_y: 5
   square_length_m: 2.9999999999999999e-02
   marker_length_m: 2.1999999999999999e-02
   dictionary_name: DICT_4X4_50
   min_charuco_corners: 8
   sample_count: 20
samples:
   -
      sample_index: 0
      stamp_ns: "1781096689370094127"
      image_path: "images/sample_0000.png"
      overlay_path: "overlays/sample_0000_overlay.png"
      charuco_corner_count: 24
      reprojection_error_px: 1.5194750498592188e-01
      q: [ -3.0458030700683594e+00, 2.0957725048065186e+00,
          -2.0597772598266602e+00, -1.1489876508712769e+00,
          -1.2530527114868164e+00 ]
      dq: [ -7.3261260986328125e-03, -2.4423599243164062e-03,
          7.3261260986328125e-03, -7.3261260986328125e-03,
          -1.2210845947265625e-02 ]
      tau: [ -1.2209892272949219e-02, -3.7606811523437500e-01,
          2.0830278396606445e+00, 1.4407825469970703e-01,
          -1.2211799621582031e-03 ]
      world_T_link4:
         rotation: !!opencv-matrix
            rows: 3
            cols: 3
            dt: d
            data: [ -4.3995306372679549e-01, 8.9291303453582660e-01,
                9.5643162188564557e-02, -4.2272291739352812e-02,
                8.5794334454736054e-02, -9.9541568479031506e-01,
                -8.9702528117579239e-01, -4.4197923586011456e-01,
                6.7723604502134549e-15 ]
         translation: !!opencv-matrix
            rows: 3
            cols: 1
            dt: d
            data: [ -6.7576009057537634e-02, -6.4929489188281612e-03,
                3.9544514108932777e-01 ]
         quaternion_xyzw: [ 3.4433000225744986e-01,
             6.1760573956641729e-01, -5.8184162992863997e-01,
             4.0182125090889209e-01 ]
      link4_T_world:
         rotation: !!opencv-matrix
            rows: 3
            cols: 3
            dt: d
            data: [ -4.3995306372679549e-01, -4.2272291739352812e-02,
                -8.9702528117579239e-01, 8.9291303453582660e-01,
                8.5794334454736054e-02, -4.4197923586011456e-01,
                9.5643162188564557e-02, -9.9541568479031506e-01,
                6.7723604502134549e-15 ]
         translation: !!opencv-matrix
            rows: 3
            cols: 1
            dt: d
            data: [ 3.2471954482501636e-01, 2.3567509882378218e-01,
                -5.6898930012039273e-16 ]
         quaternion_xyzw: [ 3.4433000225744986e-01,
             6.1760573956641729e-01, -5.8184162992863997e-01,
             -4.0182125090889209e-01 ]
      camera_T_board:
         rotation: !!opencv-matrix
            rows: 3
            cols: 3
            dt: d
            data: [ 9.9049265902339090e-01, 1.3489144338485265e-01,
                2.6992423424424088e-02, 1.2980651401187698e-01,
                -8.5149197240543317e-01, -5.0804693665958589e-01,
                -4.5547352731598871e-02, 5.0672055359009871e-01,
                -8.6090633592074772e-01 ]
         translation: !!opencv-matrix
            rows: 3
            cols: 1
            dt: d
            data: [ -7.8663950607709032e-02, 2.0445050038082740e-01,
                8.6440407256456053e-01 ]
         quaternion_xyzw: [ 9.6214486530739896e-01,
             6.8778093336329449e-02, -4.8212410563680053e-03,
             2.6367325930837687e-01 ]
      board_T_camera:
         rotation: !!opencv-matrix
            rows: 3
            cols: 3
            dt: d
            data: [ 9.9049265902339090e-01, 1.2980651401187698e-01,
                -4.5547352731598871e-02, 1.3489144338485265e-01,
                -8.5149197240543317e-01, 5.0672055359009871e-01,
                2.6992423424424088e-02, -5.0804693665958589e-01,
                -8.6090633592074772e-01 ]
         translation: !!opencv-matrix
            rows: 3
            cols: 1
            dt: d
            data: [ 9.0748376060023894e-02, -2.5331225650707284e-01,
                8.5016472394656806e-01 ]
         quaternion_xyzw: [ 9.6214486530739896e-01,
             6.8778093336329449e-02, -4.8212410563680053e-03,
             -2.6367325930837687e-01 ]
   -
      sample_index: 1
      stamp_ns: "1781096693743492958"
      image_path: "images/sample_0001.png"
      overlay_path: "overlays/sample_0001_overlay.png"
      charuco_corner_count: 24
      reprojection_error_px: 2.7616680791795140e-01
      q: [ -3.1583385467529297e+00, 1.7947881221771240e+00,
          -1.9720382690429688e+00, -9.2620652914047241e-01,
          -1.2530527114868164e+00 ]
      dq: [ -7.3261260986328125e-03, -2.4423599243164062e-03,
          -7.3261260986328125e-03, -7.3261260986328125e-03,
          -1.2210845947265625e-02 ]
      tau: [ -1.2209892272949219e-02, 9.7777748107910156e-01,
          2.0683765411376953e+00, 1.4896202087402344e-01,
          -1.2211799621582031e-03 ]
      world_T_link4:
         rotation: !!opencv-matrix
            rows: 3
            cols: 3
            dt: d
            data: [ -4.5044963650739556e-01, 8.9264479287354814e-01,
                -1.6745110513102054e-02, 7.5438866661536354e-03,
                -1.4949531767390929e-02, -9.9985979080764309e-01,
                -8.9276996742964188e-01, -4.5051280254358639e-01,
                6.7723604502134541e-15 ]
         translation: !!opencv-matrix
            rows: 3
            cols: 1
            dt: d
            data: [ -1.6173754176383909e-01, 2.7086927945840326e-03,
                3.8215997955495606e-01 ]
         quaternion_xyzw: [ -3.7566604027380113e-01,
             -5.9906178828648327e-01, 6.0526836367738435e-01,
             -3.6558201259266726e-01 ]
      link4_T_world:
         rotation: !!opencv-matrix
            rows: 3
            cols: 3
            dt: d
            data: [ -4.5044963650739556e-01, 7.5438866661536354e-03,
                -8.9276996742964188e-01, 8.9264479287354814e-01,
                -1.4949531767390929e-02, -4.5051280254358639e-01,
                -1.6745110513102054e-02, -9.9985979080764309e-01,
                6.7723604502134541e-15 ]
         translation: !!opencv-matrix
            rows: 3
            cols: 1
            dt: d
            data: [ 2.6830590153161393e-01, 3.1658263156594268e-01,
                -5.7202506620335214e-16 ]
         quaternion_xyzw: [ -3.7566604027380113e-01,
             -5.9906178828648327e-01, 6.0526836367738435e-01,
             3.6558201259266726e-01 ]
      camera_T_board:
         rotation: !!opencv-matrix
            rows: 3
            cols: 3
            dt: d
            data: [ 9.9942984257304657e-01, 2.8192450324026189e-02,
                1.8578899836728616e-02, 3.3487964756452847e-02,
                -8.9788492214206228e-01, -4.3895469334136666e-01,
                4.3065056468616228e-03, 4.3932658960580789e-01,
                -8.9831709416800232e-01 ]
         translation: !!opencv-matrix
            rows: 3
            cols: 1
            dt: d
            data: [ -1.2448781540310699e-01, 2.5936858620146747e-01,
                7.8499320630366709e-01 ]
         quaternion_xyzw: [ 9.7411907112055751e-01,
             1.5829793530663109e-02, 5.8733593669571850e-03,
             2.2540398524814373e-01 ]
      board_T_camera:
         rotation: !!opencv-matrix
            rows: 3
            cols: 3
            dt: d
            data: [ 9.9942984257304657e-01, 3.3487964756452847e-02,
                4.3065056468616228e-03, 2.8192450324026189e-02,
                -8.9788492214206228e-01, 4.3932658960580789e-01,
