%YAML:1.0
---
solver_method: park
sample_count: 25
link4_T_camera_rotation: !!opencv-matrix
   rows: 3
   cols: 3
   dt: d
   data: [ -0.044346182457464134, -0.99892843015995814,
       -0.013244150432141222, 0.9989117747056635, -0.044529349156337106,
       0.013870955971527987, -0.014445845672183322,
       -0.012614613868366431, 0.99981607761616742 ]
link4_T_camera_translation: !!opencv-matrix
   rows: 3
   cols: 1
   dt: d
   data: [ -0.23763109000324451, -0.2544216873302485,
       0.040113217620221943 ]
link4_T_camera_quaternion_xyzw: !!opencv-matrix
   rows: 4
   cols: 1
   dt: d
   data: [ -0.0095797844632993009, 0.000434651074519676,
       0.72261532111338822, 0.69118386591432768 ]
